rraster.asc
NCOLS 54 
NROWS 40 
XLLCORNER 144.9336885 
YLLCORNER -37.8333848999996 
CELLSIZE 0.000999999999947931 
NODATA_value -9999 
[rows 0 to 19 of 40, columns 0 to 45 of 54]
1.595948488432960 1.59594848843296 1.59594848843296 1.59594848843296 1.59594848843296 1.59594848843296 1.59594848843296 1.59594848843296 1.59594848843296 1.59594848843296 1.59594848843296 1.59594848843296 1.59594848843296 1.59594848843296 1.59594848843296 1.59594848843296 1.59594848843296 1.59594848843296 1.59594848843296 1.59594848843296 1.59594848843296 1.59594848843296 1.59594848843296 1.59594848843296 1.59594848843296 1.59594848843296 1.59594848843292 1.59594848839359 1.59594848192686 1.59594832453041 1.59594785904258 1.59594812002968 1.59594845556369 1.59594848798714 1.59594848843252 1.59594848843299 1.59594848843296 1.59594848843296 1.59594848843296 1.59594848843296 1.59594848843296 1.59594848843296 1.59594848843296 1.59594848843296 1.59594848843296 1.59594848843296
1.59594848843296 1.59594848843296 1.59594848843296 1.59594848843296 1.59594848843296 1.59594848843296 1.59594848843296 1.59594848843296 1.59594848843296 1.59594848843296 1.59594848843296 1.59594848843296 1.59594848843296 1.59594848843296 1.59594848843296 1.59594848843296 1.59594848843296 1.59594848843296 1.59594848843296 1.59594848843296 1.59594848843296 1.59594848843296 1.59594848843296 1.59594848843295 1.59594848843295 1.59594848843294 1.59594848836107 1.59594841049085 1.59593560682498 1.59562397224779 1.59470233567403 1.59521907466264 1.59588343960186 1.59594768653057 1.59594852042722 1.59594849052925 1.59594848845277 1.59594848843298 1.59594848843296 1.59594848843296 1.59594848843296 1.59594848843296 1.59594848843296 1.59594848843296 1.59594848843296 1.59594848843296
1.59594848843296 1.59594848843296 1.59594848843296 1.59594848843296 1.59594848843296 1.59594848843296 1.59594848843296 1.59594848843296 1.59594848843296 1.59594848843296 1.59594848843296 1.59594848843296 1.59594848843296 1.59594848843296 1.59594848843296 1.59594848843296 1.59594848843296 1.59594848843296 1.59594848843296 1.59594848843296 1.59594848843295 1.5959484884314 1.59594848832858 1.59594848736896 1.59594848677962 1.59594848804036 1.5959484814304 1.59594090635648 1.59469491670768 1.5643613199764 1.4746372501872 1.52494157814314 1.58971760090507 1.59614326478446 1.59606255660895 1.59595556988965 1.5959485553408 1.59594848852932 1.59594848843298 1.59594848843296 1.59594848843296 1.59594848843296 1.59594848843296 1.59594848843296 1.59594848843296 1.59594848843296
1.59594848843296 1.59594848843296 1.59594848843296 1.59594848843296 1.59594848843296 1.59594848843296 1.59594848843296 1.59594848843296 1.59594848843296 1.59594848843296 1.59594848843296 1.59594848843296 1.59594848843296 1.59594848843296 1.59594848843296 1.59594848843296 1.59594848843296 1.59594848843296 1.59594848843296 1.59594848843294 1.59594848839119 1.59594847010961 1.59594726299851 1.59593599607787 1.59592907655351 1.59594389052576 1.5959482943357 1.59591558515144 1.59027484537144 1.44954755919362 1.02599285533026 1.26066895070559 1.58329539855553 1.64219356038447 1.6149199969051 1.59712447735294 1.59595959946211 1.59594850443496 1.59594848843647 1.59594848843296 1.59594848843296 1.59594848843296 1.59594848843296 1.59594848843296 1.59594848843296 1.59594848843296
1.59594848843296 1.59594848843296 1.59594848843296 1.59594848843296 1.59594848843296 1.59594848843296 1.59594848843296 1.59594848843296 1.59594848843296 1.59594848843296 1.59594848843296 1.59594848843296 1.59594848843296 1.59594848843296 1.59594848843296 1.59594848843296 1.59594848843296 1.59594848843296 1.59594848843296 1.59594848842458 1.59594846432338 1.59593791037997 1.59524104625974 1.58873666338431 1.58474202836802 1.59329412285501 1.59585277693841 1.59602260956058 1.60258289860645 1.67890033314033 1.72537997817695 1.61507812005391 1.73634582689806 1.97682887738715 1.75085470255568 1.60555025632122 1.59603920824955 1.59594861908679 1.59594848846164 1.59594848843296 1.59594848843296 1.59594848843296 1.59594848843296 1.59594848843296 1.59594848843296 1.59594848843296
1.59594848843296 1.59594848843296 1.59594848843296 1.59594848843296 1.59594848843296 1.59594848843296 1.59594848843296 1.59594848843296 1.59594848843296 1.59594848843296 1.59594848843296 1.59594848843296 1.59594848843296 1.59594848843296 1.59594848843296 1.59594848843296 1.59594848843296 1.59594848843296 1.59594848843294 1.59594848819523 1.59594780415439 1.59564826186882 1.57586984700508 1.391262289795 1.27788645900077 1.52061221738717 1.59322845952705 1.59595196709027 1.60071938472964 1.69332129055999 1.85173963646488 1.69433753281644 1.65845535906543 1.74890236712485 1.65812710684966 1.5998025482675 1.59598490240938 1.59594854087598 1.59594848844447 1.59594848843296 1.59594848843296 1.59594848843296 1.59594848843296 1.59594848843296 1.59594848843296 1.59594848843296
1.59594848843296 1.59594848843296 1.59594848843296 1.59594848843296 1.59594848843296 1.59594848843296 1.59594848843296 1.59594848843296 1.59594848843296 1.59594848843296 1.59594848843296 1.59594848843296 1.59594848843296 1.59594848843296 1.59594848843296 1.59594848843296 1.59594848843296 1.59594848843296 1.59594848843294 1.59594848810128 1.59594753373566 1.5955296159091 1.56793500723154 1.31037274376202 1.15219213508452 1.49084002066417 1.59214505132938 1.59522204892599 1.55602444278318 1.23494621875554 1.10082982885006 1.49504911186656 1.60268448125328 1.60624523988241 1.59809755924236 1.59604230446555 1.59594925910289 1.59594848949105 1.59594848843318 1.59594848843296 1.59594848843296 1.59594848843296 1.59594848843296 1.59594848843296 1.59594848843296 1.59594848843296
1.59594848843296 1.59594848843296 1.59594848843296 1.59594848843296 1.59594848843296 1.59594848843296 1.59594848843296 1.59594848843296 1.59594848843296 1.59594848843296 1.59594848843296 1.59594848843296 1.59594848843296 1.59594848843296 1.59594848843296 1.59594848843296 1.59594848843296 1.59594848843296 1.59594848843296 1.59594848841021 1.59594842296411 1.59591976403928 1.59402744989152 1.57636498806276 1.56551728026436 1.58865218994011 1.5926569007412 1.57984341814728 1.56692133808932 1.44450702587697 1.38968737057102 1.63582143625997 2.05214319441343 1.97546440551608 1.64392404647301 1.59687289079784 1.5959512035612 1.59594848964891 1.59594848843304 1.59594848843296 1.59594848843296 1.59594848843296 1.59594848843296 1.59594848843296 1.59594848843296 1.59594848843296
1.59594848843296 1.59594848843296 1.59594848843296 1.59594848843296 1.59594848843296 1.59594848843296 1.59594848843296 1.59594848843296 1.59594848843296 1.59594848843296 1.59594848843296 1.59594848843296 1.59594848843296 1.59594848843296 1.59594848843296 1.59594848843296 1.59594848843296 1.59594848843296 1.59594848843296 1.59594848843288 1.5959484882123 1.59594839162633 1.59594201419969 1.59588248285847 1.59583736939271 1.593999501158 1.52999657511522 1.25145584045159 1.32108924034993 1.55910342514258 1.59683482162948 1.80242381991146 2.7127781710185 2.51019012388784 1.70959463451358 1.59809123183392 1.59595460646773 1.59594849107238 1.59594848843313 1.59594848843296 1.59594848843296 1.59594848843296 1.59594848843296 1.59594848843296 1.59594848843296 1.59594848843296
1.59594848843296 1.59594848843296 1.59594848843296 1.59594848843296 1.59594848843296 1.59594848843296 1.59594848843296 1.59594848843296 1.59594848843296 1.59594848843296 1.59594848843296 1.59594848843296 1.59594848843296 1.59594848843296 1.59594848843296 1.59594848843296 1.59594848843296 1.59594848843296 1.59594848843295 1.59594848842653 1.59594848728017 1.5959484569213 1.59594835621942 1.59594838926092 1.59593931449021 1.59389005053144 1.52538495923004 1.22468594785807 1.26304966392293 1.47701992947646 1.56777704168155 1.55213462672882 1.26388714728376 1.21470994580246 1.53080839504662 1.59427978305065 1.59594204910945 1.595948484678 1.59594848843262 1.59594848843296 1.59594848843296 1.59594848843296 1.59594848843296 1.59594848843296 1.59594848843296 1.59594848843296
1.59594848843296 1.59594848843296 1.59594848843296 1.59594848843296 1.59594848843296 1.59594848843296 1.59594848843296 1.59594848843296 1.59594848843296 1.59594848843296 1.59594848843296 1.59594848843296 1.59594848843296 1.59594848843296 1.59594848843296 1.59594848843296 1.59594848843296 1.59594848843295 1.59594848841517 1.59594846751326 1.59594473868364 1.59584603771459 1.59552201251429 1.59568609120037 1.5959751610265 1.59589079840822 1.5920320631205 1.55691007414193 1.30887836890955 1.02244387307736 1.41191033521805 1.55741474436969 1.39192131557956 1.38155581911918 1.56160401133225 1.59510998407049 1.59594536832709 1.59594848666342 1.5959484884328 1.59594848843296 1.59594848843296 1.59594848843296 1.59594848843296 1.59594848843296 1.59594848843296 1.59594848843296
1.59594848843296 1.59594848843296 1.59594848843296 1.59594848843296 1.59594848843296 1.59594848843296 1.59594848843296 1.59594848843296 1.59594848843296 1.59594848843296 1.59594848843296 1.59594848843296 1.59594848843296 1.59594848843296 1.59594848843296 1.59594848843296 1.59594848843296 1.59594848843259 1.59594848558925 1.59594514446592 1.59534909941074 1.57957210217558 1.52781344136145 1.55549990831602 1.60969296978132 1.61303176662262 1.59831460095552 1.58931273599003 1.50434025720883 1.40326114589652 1.53413187893777 1.59230257912318 1.59162495450664 1.59143163661322 1.59522544631667 1.5959308458627 1.59594842281414 1.59594848839575 1.59594848843295 1.59594848843296 1.59594848843296 1.59594848843296 1.59594848843296 1.59594848843296 1.59594848843296 1.59594848843296
1.59594848843296 1.59594848843296 1.59594848843296 1.59594848843296 1.59594848843296 1.59594848843296 1.59594848843296 1.59594848843296 1.59594848843296 1.59594848843296 1.59594848843296 1.59594848843296 1.59594848843296 1.59594848843296 1.59594848843296 1.59594848843296 1.59594848843296 1.59594848843006 1.59594846609838 1.59592222475531 1.5912408594933 1.46732976909622 1.0614098717577 1.3028130800472 1.85387395296549 1.84993767940206 1.61368112586929 1.59379966494724 1.59301801457171 1.58985325396705 1.59398293371408 1.59585121695326 1.59594332767013 1.59594382845104 1.59594774261499 1.5959484702348 1.59594848836533 1.59594848843411 1.59594848843657 1.59594848843462 1.59594848843307 1.59594848843296 1.59594848843296 1.59594848843296 1.59594848843296 1.59594848843296
1.59594848843296 1.59594848843296 1.59594848843296 1.59594848843296 1.59594848843296 1.59594848843296 1.59594848843296 1.59594848843296 1.59594848843296 1.59594848843296 1.59594848843296 1.59594848843296 1.59594848843296 1.59594848843296 1.59594848843296 1.59594848843296 1.59594848843296 1.59594848843184 1.59594847981499 1.59593835438677 1.59413201384546 1.54632173739259 1.39017128130665 1.50067052794198 1.73678828341202 1.3580800931522 1.25790903899148 1.54822016012633 1.51908138858271 1.43520144357109 1.54427205467083 1.5934143455759 1.59592953226578 1.59594846656904 1.59594848839149 1.59594848845657 1.59594849162099 1.5959485515728 1.59594867904592 1.59594857614725 1.59594849458554 1.59594848849874 1.59594848843306 1.59594848843296 1.59594848843296 1.59594848843296
1.59594848843296 1.59594848843296 1.59594848843296 1.59594848843296 1.59594848843296 1.59594848843296 1.59594848843296 1.59594848843296 1.59594848843296 1.59594848843296 1.59594848843296 1.59594848843296 1.59594848843296 1.59594848843296 1.59594848843296 1.59594848843296 1.59594848843296 1.59594848843294 1.59594848826961 1.59594829634911 1.59591405850533 1.59500811697587 1.59217483803385 1.6030265844299 1.66914145453653 1.54166968543982 1.55488175177349 1.65461644647754 1.29252186187877 0.947289288454062 1.39256697459474 1.58622972501711 1.59587735196176 1.59594845685866 1.59594849473188 1.59594855210908 1.59595675637749 1.59611223706825 1.59644282940049 1.59617596912766 1.59596444470812 1.59594865903629 1.595948488711 1.59594848843303 1.59594848843296 1.59594848843296
1.59594848843296 1.59594848843296 1.59594848843296 1.59594848843296 1.59594848843296 1.59594848843296 1.59594848843296 1.59594848843296 1.59594848843296 1.59594848843296 1.59594848843296 1.59594848843296 1.59594848843296 1.59594848843296 1.59594848843296 1.59594848843296 1.59594848843296 1.59594848843296 1.5959484884328 1.59594848825413 1.59594845644007 1.59594783876487 1.5960737225887 1.60713188625843 1.74564009783184 1.97146682208017 1.96258186652796 1.59639114275231 1.85978458551765 1.55887858660013 1.52645803273887 1.58942210519251 1.59596920281343 1.59621302786189 1.59597714864509 1.59595538026228 1.5970017100526 1.61681014721052 1.6589277808586 1.62492964543683 1.59798132606099 1.59597022338523 1.59594852385582 1.59594848844176 1.59594848843296 1.59594848843296
1.59594848843296 1.59594848843296 1.59594848843296 1.59594848843296 1.59594848843296 1.59594848843296 1.59594848843296 1.59594848843296 1.59594848843296 1.59594848843296 1.59594848843296 1.59594848843296 1.59594848843296 1.59594848843296 1.59594848843296 1.59594848843296 1.59594848843296 1.59594848843296 1.59594848843296 1.59594848843295 1.59594848843477 1.59594850066669 1.59595550141801 1.59656079494052 1.60422338566894 1.59195857106054 1.00513103716288 0.607580849783908 4.00275954891119 2.82392226972648 1.45408384379571 1.48278886372362 1.66905314318457 1.66194273550638 1.59931378274387 1.59402145046629 1.60239885281481 1.72649314765651 1.99005424183037 1.77730396312548 1.60866937686031 1.59608449901076 1.59594871009689 1.59594848848802 1.59594848843296 1.59594848843296
1.59594848843296 1.59594848843296 1.59594848843296 1.59594848843296 1.59594848843296 1.59594848843296 1.59594848843337 1.59594848846056 1.59594848871501 1.5959484888722 1.59594848853722 1.59594848843673 1.59594848843298 1.59594848843296 1.59594848843296 1.59594848843296 1.59594848843296 1.59594848843296 1.59594848843296 1.59594848843296 1.59594848843296 1.59594848846568 1.59594850712977 1.5959500748862 1.59591961755988 1.58826038254924 1.43299950316612 1.28189838547367 2.0435178772074 1.68057828682229 0.985928702779255 1.45807061111747 2.6187157078427 2.3423698362945 1.425201229714 1.47689272489346 1.58988451128132 1.63597565000821 1.71693302689812 1.65143730303581 1.59979296302417 1.59598792646283 1.59594854628831 1.59594848844847 1.59594848843296 1.59594848843296
1.59594848843296 1.59594848843296 1.59594848843295 1.59594848843215 1.59594848839697 1.59594848820277 1.59594849444124 1.59594890805579 1.5959527759141 1.59595516530763 1.59595007337417 1.59594854578146 1.59594848874926 1.59594848843322 1.59594848843296 1.59594848843296 1.59594848843296 1.59594848843296 1.59594848843296 1.59594848843296 1.59594848843296 1.59594848843296 1.59594848843121 1.59594845127929 1.59589837451305 1.58599044126464 1.31302127110984 0.53936074967827 1.1855301357073 1.54405193794969 1.49758801213597 1.83882606875609 2.44083393944163 2.10673472153595 1.09960912619627 1.29085995063975 1.57180487599904 1.59073228048796 1.5394215089638 1.50063457558529 1.5753158278558 1.59554246229179 1.59595106922376 1.59594849942867 1.59594848843665 1.59594848843296
1.59594848843296 1.59594848843293 1.59594848838108 1.59594847326781 1.59594781269475 1.59594390936428 1.59594841081567 1.59626102160773 1.59914912489487 1.60093285180015 1.59713166520494 1.59599129975088 1.59594872455503 1.59594848863147 1.59594848843298 1.59594848843296 1.59594848843296 1.59594848843304 1.5959484884359 1.59594848844874 1.59594848844584 1.59594848843456 1.59594848842934 1.59594845610712 1.59590592130068 1.58794074615581 1.40501000191775 1.35420800334871 2.51433838888087 1.95232349868058 1.4626042740306 1.51266010505607 2.91267867797754 3.25090192251048 1.99605778218246 1.50637599738235 1.4312559060027 1.45427201666553 0.576827251670054 0.404677924958131 1.58978584425011 1.61876972091503 1.59633993073963 1.59594927151108 1.59594848866297 1.59594848843297
