rraster.asc
NCOLS 54 
NROWS 40 
XLLCORNER 144.9336885 
YLLCORNER -37.8333848999996 
CELLSIZE 0.000999999999947931 
NODATA_value -9999 
[rows 20 to 39 of 40, columns 0 to 45 of 54]
1.81755826025488 1.81755826385862 1.81755924653318 1.81762500829808 1.81867632309278 1.82219966140922 1.82288655330073 1.83174268433828 1.89047491314575 1.9187577409217 1.85235638236263 1.82051982949373 1.81762064402189 1.81755858536878 1.81755825629318 1.81755822120555 1.81755817692677 1.81755837988884 1.81756059630194 1.81756640223612 1.81756526512344 1.81755975181788 1.81755833891333 1.81755831163138 1.81757001819118 1.81825178410045 1.82808395805757 1.85929836101157 1.8608049212885 1.81609003495777 1.62049369251687 0.990996180750266 1.61767639185911 2.93009940987522 2.16035437616832 1.30729093616095 1.04185275595458 1.70751508194345 2.07596925722705 0.428443607731324 0.315922704514516 1.57027007732083 1.81153652535979 1.81761737822705 1.81755922392004 1.8175582622537
1.81755826030695 1.81755832138795 1.81757497706157 1.81868959463118 1.83650841463231 1.89613071550371 1.89905635976792 1.85810361697021 1.93151763372148 1.97411524138415 1.8713852453127 1.82213931298095 1.81765473421241 1.81755853342047 1.81755137790491 1.81749699840558 1.81742370435899 1.81752675056125 1.81814444656316 1.81963026926237 1.81934113204711 1.81793789334871 1.8175782668844 1.81755802059742 1.81748986261955 1.81524707635992 1.79826045328282 1.77782998360017 1.79752381258178 1.8111484395774 1.71552506577811 1.28007436745234 1.00923824573103 1.39155019743209 1.71076575528737 1.66739738461162 1.6067934001185 1.73775030591543 1.67581711338057 1.64650879846666 2.3282112855862 2.20674197252011 1.86879582205306 1.81909179628747 1.81756934436607 1.81755827993551
1.81755826035173 1.81755837085951 1.8175885043121 1.81960507091842 1.85184284564206 1.95969570355587 1.96354954462005 1.85791177097526 1.83848940416813 1.84343972705042 1.82644536361911 1.81830875085851 1.81753151731826 1.81745046404669 1.81637508287273 1.80729719225328 1.79492415760715 1.80632804131898 1.83208078091244 1.87380665687305 1.8660007623544 1.82787583223773 1.81810247625306 1.81755895257433 1.81667924454756 1.78780948860519 1.56837809058623 1.30097347273172 1.55229682419782 1.77059370092726 1.6288882537255 1.1635932055179 0.982764018709953 1.22489341343605 1.66104417735394 1.80269277044416 1.81129467577641 1.8167345949229 1.87579785197634 2.30565700276006 2.77260162939689 2.27187190679079 1.87074275098159 1.81909651453322 1.81756926609067 1.8175582797381
1.81755826027095 1.81755828160996 1.81756410036804 1.81795349860227 1.82417859972543 1.84500466595103 1.84572347868389 1.82476895470784 1.81833564633316 1.81802033863782 1.81767363036513 1.81636589598789 1.80883504255317 1.80138066650345 1.79009993950736 1.63347906818978 1.41269889732924 1.59954142675732 1.8346026180811 1.98025591234909 1.95935488213498 1.84850097381326 1.81933187823445 1.81757935614452 1.81635504608499 1.77683267534194 1.47643479852639 1.11040228078361 1.45872310804405 1.88128621282707 2.55267979900029 3.03993086164445 2.44428047992323 2.10242573667127 1.91061791476622 1.8268850042223 1.81227833828373 1.79505745607676 1.80159331193307 1.86530621300055 1.91916746040658 1.86566621153669 1.82317674726736 1.81772064418366 1.81755942181763 1.81755826230811
1.81755826025201 1.81755826069177 1.81755838060495 1.81756640533829 1.81769469245316 1.81812387627837 1.81813864190078 1.81770576482367 1.81756812549294 1.81755159940957 1.81665406214588 1.79112911034697 1.62641364621521 1.47434156766451 1.62675843387986 1.45015816161127 1.0376288350342 1.38487095400468 1.7715155647042 1.88003615997962 1.90582223608529 1.86157708921396 1.82472350136898 1.81788099109574 1.8173862046387 1.81160905232161 1.76780878272885 1.71637048016301 1.78787997308263 2.16321610350399 4.18205080232379 6.00138365188179 3.79462663618998 2.2375800694155 1.98183709867054 1.84168409552903 1.72610717728987 1.44955183807486 1.4470261257515 1.72573319525637 1.81300165658075 1.81801301451201 1.81762121040454 1.81756008880126 1.81755827333368 1.81755826027478
1.81755826025162 1.81755826025258 1.81755826051629 1.81755827816378 1.81755856028477 1.81755950411887 1.81755953658093 1.81755858439548 1.81755824317437 1.81754033749178 1.81544228187122 1.75572966673765 1.37040895371833 1.01694644088888 1.45390516609702 1.6790735097497 1.47541565668299 1.4373227008228 1.69396475528686 1.8610496997433 1.98773913524143 1.94973509330135 1.84305475428135 1.81877773473847 1.81757009763606 1.81751281500632 1.82108400629685 1.91288285855584 2.36058346722157 2.68153459228453 3.12689781233691 4.47281174896353 3.69509118512144 2.31875072969919 1.76427050003562 1.53503244189204 1.58221558757967 1.17725744432455 1.17716108947106 1.65786387993256 1.80770222381298 1.81740831365662 1.8175577668502 1.81755826191666 1.81755826026721 1.81755826025164
1.81755826025161 1.81755826025161 1.81755826025168 1.81755826025582 1.81755826032202 1.81755826054349 1.81755826055111 1.81755826032281 1.81755825087512 1.81755378542601 1.81702996789479 1.80212148729421 1.70591741844208 1.61768991239989 1.72590724259928 1.7293530494458 1.31610799210214 1.01877726710885 1.50328258468783 1.80929251499678 1.88876533190907 1.87401378618351 1.82852910822613 1.818086179905 1.81756520174123 1.81779896714111 1.83947230950305 2.3110964057896 4.56555811670025 5.52924521602511 2.64843392298655 1.56384685955985 2.04983028224163 1.78841659452461 1.16208931515841 1.15632857842883 1.63468674691893 1.69164802588099 1.69937532982366 1.78811392928019 1.81574078816517 1.81753049368505 1.81755815526776 1.81755826015363 1.81755826025159 1.81755826025161
1.81755826025161 1.81755826025161 1.81755826025161 1.81755826025161 1.81755826025162 1.81755826025162 1.81755826025162 1.81755826025139 1.8175582597881 1.81755802874726 1.8175295748288 1.81667645354203 1.81083325682769 1.80482671643782 1.81073564272971 1.7946326818098 1.67375301813958 1.58736411194306 1.72642570540767 1.80969327264133 1.8207845328015 1.82027401005606 1.81809150400193 1.8175851395828 1.81755904842317 1.81768916151899 1.82946917457014 2.08579215597025 3.31054406882313 3.81489701060341 2.06574777059127 1.10564091701257 1.50700492258 1.78171667908941 1.81433298900868 1.84712144989515 1.83324617598828 1.81685237255944 1.81526995803787 1.81697916809109 1.81752250450955 1.81755771398584 1.81755825818603 1.81755826024968 1.81755826025161 1.81755826025161
1.81755826025161 1.81755826025161 1.81755826025161 1.81755826025161 1.81755826025161 1.81755826025161 1.81755826025161 1.81755826024838 1.81755825338698 1.81755465141624 1.81708868979411 1.80243594058375 1.69702136925106 1.57976151978269 1.70142067551965 1.80284099539223 1.81270753268973 1.81046100803068 1.81474759169256 1.81729207776317 1.81767139652863 1.81824646835466 1.81866827281509 1.81800873156553 1.81760361819126 1.81756698060089 1.81824898078961 1.83311295373151 1.90411397522403 1.9327126980005 1.82681570815567 1.76594376682167 1.79523391370567 1.83985572424437 1.93424042520282 1.9533813694662 1.85662580983131 1.82033247709374 1.81760227857216 1.81755725715682 1.81755818542821 1.81755825910505 1.81755826024728 1.81755826025161 1.81755826025161 1.81755826025161
1.81755826025161 1.81755826025161 1.81755826025161 1.81755826025161 1.81755826025161 1.81755826025161 1.81755826025161 1.81755826024054 1.81755823672182 1.81754589018363 1.81594869139732 1.76572236112576 1.40438204273667 1.00243441387538 1.41954679935904 1.76945535496875 1.81610492570848 1.81752428661161 1.81755034617057 1.81770347223091 1.8214780740734 1.84358512864231 1.86033035198017 1.83495559720236 1.81930967381393 1.8176019465553 1.81756280271366 1.81765449388493 1.81809361252076 1.81826626007743 1.81758388197827 1.81718411506464 1.81750636915249 1.81979649851621 1.8281106522549 1.82977213420511 1.82105697333963 1.81780630825108 1.81756261170367 1.81755827888215 1.81755826025513 1.81755826025136 1.81755826025161 1.81755826025161 1.81755826025161 1.81755826025161
1.81755826025161 1.81755826025161 1.81755826025161 1.81755826025161 1.81755826025161 1.81755826025161 1.81755826025161 1.81755826024756 1.81755825164607 1.81755373615346 1.81696959352001 1.79860034536761 1.66644754932035 1.51944346407109 1.67199377875074 1.79996643402811 1.81703205617219 1.81755436917285 1.81756380615932 1.81816050410928 1.83371464182908 1.92483342645689 1.99385240707574 1.88926503579684 1.82477707833393 1.81773812898611 1.81755937232019 1.81755832545802 1.81755861346883 1.81755872416187 1.81755825335895 1.8175579852313 1.81755925241948 1.81757946808975 1.81765748646112 1.81767309004395 1.81759115029561 1.81756059187115 1.81755830116205 1.81755826042927 1.8175582602518 1.81755826025161 1.81755826025161 1.81755826025161 1.81755826025161 1.81755826025161
1.81755826025161 1.81755826025161 1.81755826025161 1.81755826025161 1.81755826025161 1.81755826025161 1.81755826025161 1.81755826025146 1.81755825991587 1.81755808374272 1.8175352932618 1.81681861213716 1.81166263549024 1.80592723182708 1.81187902311451 1.81687191048204 1.81753773046091 1.81755811384289 1.81756070312815 1.81782307302783 1.82466238249137 1.86472822154669 1.89507655620432 1.84908844516511 1.82073244661349 1.81763735031582 1.8175587479993 1.81755826100056 1.81755826027675 1.817558260284 1.81755826024923 1.81755826024257 1.81755826136697 1.81755828152311 1.81755835971492 1.81755837535501 1.81755829321994 1.81755826258878 1.81755826029262 1.81755826025179 1.81755826025161 1.81755826025161 1.81755826025161 1.81755826025161 1.81755826025161 1.81755826025161
1.81755826025161 1.81755826025161 1.81755826025161 1.81755826025161 1.81755826025161 1.81755826025161 1.81755826025161 1.81755826025161 1.81755826025022 1.81755825951704 1.81755816467012 1.81755518206547 1.81753372448912 1.81750985551716 1.81753462502733 1.81755540387666 1.81755817481313 1.81755825988077 1.81755837484574 1.81757068119699 1.81789147647899 1.81977074984817 1.82119422726598 1.81903717191877 1.81770714428947 1.81756196994184 1.81755828312923 1.81755826028653 1.81755826025163 1.81755826025161 1.81755826025161 1.81755826025162 1.81755826025173 1.81755826025389 1.81755826026225 1.81755826026392 1.81755826025514 1.81755826025186 1.81755826025162 1.81755826025161 1.81755826025161 1.81755826025161 1.81755826025161 1.81755826025161 1.81755826025161 1.81755826025161
1.81755826025161 1.81755826025161 1.81755826025161 1.81755826025161 1.81755826025161 1.81755826025161 1.81755826025161 1.81755826025161 1.81755826025161 1.81755826025129 1.81755826020919 1.81755825888527 1.81755824936069 1.81755823876573 1.81755824976042 1.81755825898373 1.81755826021369 1.81755826025264 1.81755826082493 1.8175583223929 1.81755992731357 1.81756932921207 1.81757645078917 1.81756565916313 1.81755900511004 1.81755827881098 1.81755826036607 1.81755826025179 1.81755826025161 1.81755826025161 1.81755826025161 1.81755826025161 1.81755826025161 1.81755826025161 1.81755826025161 1.81755826025161 1.81755826025161 1.81755826025161 1.81755826025161 1.81755826025161 1.81755826025161 1.81755826025161 1.81755826025161 1.81755826025161 1.81755826025161 1.81755826025161
1.81755826025161 1.81755826025161 1.81755826025161 1.81755826025161 1.81755826025161 1.81755826025161 1.81755826025161 1.81755826025161 1.81755826025161 1.81755826025161 1.81755826025161 1.81755826025155 1.8175582602511 1.8175582602506 1.81755826025112 1.81755826025155 1.81755826025161 1.81755826025161 1.81755826025192 1.81755826028477 1.81755826114112 1.81755826615774 1.81755826995764 1.81755826419949 1.81755826064905 1.81755826026152 1.81755826025168 1.81755826025161 1.81755826025161 1.81755826025161 1.81755826025161 1.81755826025161 1.81755826025161 1.81755826025161 1.81755826025161 1.81755826025161 1.81755826025161 1.81755826025161 1.81755826025161 1.81755826025161 1.81755826025161 1.81755826025161 1.81755826025161 1.81755826025161 1.81755826025161 1.81755826025161
1.81755826025161 1.81755826025161 1.81755826025161 1.81755826025161 1.81755826025161 1.81755826025161 1.81755826025161 1.81755826025161 1.81755826025161 1.81755826025161 1.81755826025161 1.81755826025161 1.81755826025161 1.81755826025161 1.81755826025161 1.81755826025161 1.81755826025161 1.81755826025161 1.81755826025161 1.81755826025162 1.81755826025166 1.81755826025195 1.81755826025217 1.81755826025184 1.81755826025164 1.81755826025161 1.81755826025161 1.81755826025161 1.81755826025161 1.81755826025161 1.81755826025161 1.81755826025161 1.81755826025161 1.81755826025161 1.81755826025161 1.81755826025161 1.81755826025161 1.81755826025161 1.81755826025161 1.81755826025161 1.81755826025161 1.81755826025161 1.81755826025161 1.81755826025161 1.81755826025161 1.81755826025161
1.81755826025161 1.81755826025161 1.81755826025161 1.81755826025161 1.81755826025161 1.81755826025161 1.81755826025161 1.81755826025161 1.81755826025161 1.81755826025161 1.81755826025161 1.81755826025161 1.81755826025161 1.81755826025161 1.81755826025161 1.81755826025161 1.81755826025161 1.81755826025161 1.81755826025161 1.81755826025161 1.81755826025161 1.81755826025161 1.81755826025161 1.81755826025161 1.81755826025161 1.81755826025161 1.81755826025161 1.81755826025161 1.81755826025161 1.81755826025161 1.81755826025161 1.81755826025161 1.81755826025161 1.81755826025161 1.81755826025161 1.81755826025161 1.81755826025161 1.81755826025161 1.81755826025161 1.81755826025161 1.81755826025161 1.81755826025161 1.81755826025161 1.81755826025161 1.81755826025161 1.81755826025161
1.81755826025161 1.81755826025161 1.81755826025161 1.81755826025161 1.81755826025161 1.81755826025161 1.81755826025161 1.81755826025161 1.81755826025161 1.81755826025161 1.81755826025161 1.81755826025161 1.81755826025161 1.81755826025161 1.81755826025161 1.81755826025161 1.81755826025161 1.81755826025161 1.81755826025161 1.81755826025161 1.81755826025161 1.81755826025161 1.81755826025161 1.81755826025161 1.81755826025161 1.81755826025161 1.81755826025161 1.81755826025161 1.81755826025161 1.81755826025161 1.81755826025161 1.81755826025161 1.81755826025161 1.81755826025161 1.81755826025161 1.81755826025161 1.81755826025161 1.81755826025161 1.81755826025161 1.81755826025161 1.81755826025161 1.81755826025161 1.81755826025161 1.81755826025161 1.81755826025161 1.81755826025161
1.81755826025161 1.81755826025161 1.81755826025161 1.81755826025161 1.81755826025161 1.81755826025161 1.81755826025161 1.81755826025161 1.81755826025161 1.81755826025161 1.81755826025161 1.81755826025161 1.81755826025161 1.81755826025161 1.81755826025161 1.81755826025161 1.81755826025161 1.81755826025161 1.81755826025161 1.81755826025161 1.81755826025161 1.81755826025161 1.81755826025161 1.81755826025161 1.81755826025161 1.81755826025161 1.81755826025161 1.81755826025161 1.81755826025161 1.81755826025161 1.81755826025161 1.81755826025161 1.81755826025161 1.81755826025161 1.81755826025161 1.81755826025161 1.81755826025161 1.81755826025161 1.81755826025161 1.81755826025161 1.81755826025161 1.81755826025161 1.81755826025161 1.81755826025161 1.81755826025161 1.81755826025161
1.81755826025161 1.81755826025161 1.81755826025161 1.81755826025161 1.81755826025161 1.81755826025161 1.81755826025161 1.81755826025161 1.81755826025161 1.81755826025161 1.81755826025161 1.81755826025161 1.81755826025161 1.81755826025161 1.81755826025161 1.81755826025161 1.81755826025161 1.81755826025161 1.81755826025161 1.81755826025161 1.81755826025161 1.81755826025161 1.81755826025161 1.81755826025161 1.81755826025161 1.81755826025161 1.81755826025161 1.81755826025161 1.81755826025161 1.81755826025161 1.81755826025161 1.81755826025161 1.81755826025161 1.81755826025161 1.81755826025161 1.81755826025161 1.81755826025161 1.81755826025161 1.81755826025161 1.81755826025161 1.81755826025161 1.81755826025161 1.81755826025161 1.81755826025161 1.81755826025161 1.81755826025161
