rraster.asc
NCOLS 54 
NROWS 40 
XLLCORNER 144.9336885 
YLLCORNER -37.8333848999996 
CELLSIZE 0.000999999999947931 
NODATA_value -9999 
[rows 0 to 19 of 40, columns 0 to 45 of 54]
1.817558260251610 1.81755826025161 1.81755826025161 1.81755826025161 1.81755826025161 1.81755826025161 1.81755826025161 1.81755826025161 1.81755826025161 1.81755826025161 1.81755826025161 1.81755826025161 1.81755826025161 1.81755826025161 1.81755826025161 1.81755826025161 1.81755826025161 1.81755826025161 1.81755826025161 1.81755826025161 1.81755826025161 1.81755826025161 1.81755826025161 1.81755826025161 1.81755826025161 1.81755826025166 1.81755826028757 1.8175582666897 1.81755854558351 1.81756139012383 1.81756675764564 1.8175639701732 1.8175592101262 1.81755829985293 1.81755826091221 1.81755826028591 1.81755826025266 1.81755826025162 1.81755826025161 1.81755826025161 1.81755826025161 1.81755826025161 1.81755826025161 1.81755826025161 1.81755826025161 1.81755826025161
1.81755826025161 1.81755826025161 1.81755826025161 1.81755826025161 1.81755826025161 1.81755826025161 1.81755826025161 1.81755826025161 1.81755826025161 1.81755826025161 1.81755826025161 1.81755826025161 1.81755826025161 1.81755826025161 1.81755826025161 1.81755826025161 1.81755826025161 1.81755826025161 1.81755826025161 1.81755826025161 1.81755826025161 1.8175582602514 1.81755826024685 1.81755826022492 1.81755826021459 1.81755826025279 1.81755827030593 1.81756006148771 1.81763810962569 1.81843429148223 1.81993689328228 1.81915683340784 1.81782507908953 1.81757119641818 1.81755939331202 1.81755839017976 1.81755826432413 1.81755826028327 1.81755826025168 1.81755826025161 1.81755826025161 1.81755826025161 1.81755826025161 1.81755826025161 1.81755826025161 1.81755826025161
1.81755826025161 1.81755826025161 1.81755826025161 1.81755826025161 1.81755826025161 1.81755826025161 1.81755826025161 1.81755826025161 1.81755826025161 1.81755826025161 1.81755826025161 1.81755826025161 1.81755826025161 1.81755826025161 1.81755826025161 1.81755826025161 1.81755826025161 1.81755826025161 1.81755826025161 1.81755826025155 1.81755826022903 1.81755825818554 1.81755821347004 1.81755799807935 1.81755789660288 1.81755813580341 1.81755854000868 1.81761089493739 1.81991005101529 1.84349573258835 1.8882333219505 1.86521082287744 1.82588858839659 1.81871419014906 1.81798674601882 1.81761222525816 1.81755995508804 1.81755827342787 1.81755826027697 1.81755826025163 1.81755826025161 1.81755826025161 1.81755826025161 1.81755826025161 1.81755826025161 1.81755826025161
1.81755826025161 1.81755826025161 1.81755826025161 1.81755826025161 1.81755826025161 1.81755826025161 1.81755826025161 1.81755826025161 1.81755826025161 1.81755826025161 1.81755826025161 1.81755826025161 1.81755826025161 1.81755826025161 1.81755826025161 1.81755826025161 1.81755826025161 1.81755826025161 1.81755826025157 1.81755826018749 1.81755823654953 1.8175560918921 1.8175091627295 1.81728310901984 1.81717660877039 1.81742723678549 1.81754699973794 1.81759950918842 1.82130871600797 1.87276361203311 1.99310992182846 1.94914887908056 1.85817805926745 1.85541106508858 1.83647799173325 1.81995811146687 1.81763364119239 1.81755884629116 1.81755826137927 1.81755826025215 1.81755826025161 1.81755826025161 1.81755826025161 1.81755826025161 1.81755826025161 1.81755826025161
1.81755826025161 1.81755826025161 1.81755826025161 1.81755826025161 1.81755826025161 1.81755826025161 1.81755826025161 1.81755826025161 1.81755826025161 1.81755826025161 1.81755826025161 1.81755826025161 1.81755826025161 1.81755826025161 1.81755826025161 1.81755826025161 1.81755826025161 1.81755826025161 1.8175582602468 1.81755825305974 1.81755560195568 1.81731506896692 1.81205175204438 1.78669881050972 1.77475432799274 1.80286346690155 1.81629802768082 1.81616485290826 1.77798181287225 1.53686076898555 1.33363991118815 1.62704973943265 1.88267596165208 1.99241176643388 1.90742971138006 1.82896412063659 1.81791652980405 1.81756104557329 1.81755826561112 1.81755826025417 1.81755826025161 1.81755826025161 1.81755826025161 1.81755826025161 1.81755826025161 1.81755826025161
1.81755826025161 1.81755826025161 1.81755826025161 1.81755826025161 1.81755826025161 1.81755826025161 1.81755826025161 1.81755826025161 1.81755826025161 1.81755826025161 1.81755826025161 1.81755826025161 1.81755826025161 1.81755826025161 1.81755826025161 1.81755826025161 1.81755826025161 1.8175582602516 1.8175582601939 1.81755817406268 1.81752640268427 1.81464380567804 1.75156712882917 1.44773224221861 1.30458709710759 1.64145303626775 1.80256869171105 1.81458953578266 1.74801903319535 1.35432965951072 1.03647882126775 1.49062428728321 1.82512311667197 1.90564229377326 1.8631966775774 1.82335075510065 1.81774020478758 1.81755967474395 1.81755826297336 1.81755826025291 1.81755826025161 1.81755826025161 1.81755826025161 1.81755826025161 1.81755826025161 1.81755826025161
1.81755826025161 1.81755826025161 1.81755826025161 1.81755826025161 1.81755826025161 1.81755826025161 1.81755826025161 1.81755826025161 1.81755826025161 1.81755826025161 1.81755826025161 1.81755826025161 1.81755826025161 1.81755826025161 1.81755826025161 1.81755826025161 1.81755826025161 1.8175582602516 1.81755826017772 1.81755814989104 1.81751746824991 1.81382644875946 1.73305995828507 1.34401477130996 1.16072443591253 1.59205170408117 1.79816238265279 1.81133047460641 1.70621654508899 1.23237817318754 1.04664206291094 1.56453645903482 1.80255536474428 1.8252118440365 1.82073571376604 1.81791004249914 1.81756862699617 1.81755833861484 1.8175582604006 1.81755826025168 1.81755826025161 1.81755826025161 1.81755826025161 1.81755826025161 1.81755826025161 1.81755826025161
1.81755826025161 1.81755826025161 1.81755826025161 1.81755826025161 1.81755826025161 1.81755826025161 1.81755826025161 1.81755826025161 1.81755826025161 1.81755826025161 1.81755826025161 1.81755826025161 1.81755826025161 1.81755826025161 1.81755826025161 1.81755826025161 1.81755826025161 1.81755826025161 1.81755826024151 1.81755824515464 1.81755268003444 1.81704776020965 1.80599915894989 1.75277891163032 1.72768456240882 1.78554561277513 1.79883945402538 1.76011155673518 1.71742718898684 1.52971812613248 1.4626776263817 1.72506363386828 1.87979844593071 1.87936083170767 1.83094072676276 1.81827442673384 1.81756776844337 1.81755829165874 1.81755826027759 1.81755826025162 1.81755826025161 1.81755826025161 1.81755826025161 1.81755826025161 1.81755826025161 1.81755826025161
1.81755826025161 1.81755826025161 1.81755826025161 1.81755826025161 1.81755826025161 1.81755826025161 1.81755826025161 1.81755826025161 1.81755826025161 1.81755826025161 1.81755826025161 1.81755826025161 1.81755826025161 1.81755826025161 1.81755826025161 1.81755826025161 1.81755826025161 1.81755826025161 1.81755826025146 1.81755826002949 1.81755817863509 1.81755079930215 1.81738933946827 1.81661069995482 1.81603923223857 1.80563708653326 1.65941055915997 1.27771041448402 1.35649487632687 1.70245775619549 1.7943581016676 1.85757880774794 1.98455047281733 1.96762955754853 1.85099517627669 1.81941131513648 1.81758381858131 1.81755834802777 1.81755826032671 1.81755826025163 1.81755826025161 1.81755826025161 1.81755826025161 1.81755826025161 1.81755826025161 1.81755826025161
1.81755826025161 1.81755826025161 1.81755826025161 1.81755826025161 1.81755826025161 1.81755826025161 1.81755826025161 1.81755826025161 1.81755826025161 1.81755826025161 1.81755826025161 1.81755826025161 1.81755826025161 1.81755826025161 1.81755826025161 1.81755826025161 1.81755826025161 1.81755826025158 1.81755826022167 1.81755825455609 1.81755799204309 1.81755512501595 1.81754896697193 1.81754903482456 1.81733715720621 1.8054948380863 1.65083931218826 1.23525363209426 1.23064298287647 1.52940350027344 1.73382734230522 1.84820421325152 1.97639559996833 1.97744595541913 1.85750503003828 1.82003772498829 1.81759647678888 1.81755840646283 1.81755826039041 1.81755826025165 1.81755826025161 1.81755826025161 1.81755826025161 1.81755826025161 1.81755826025161 1.81755826025161
1.81755826025161 1.81755826025161 1.81755826025161 1.81755826025161 1.81755826025161 1.81755826025161 1.81755826025161 1.81755826025161 1.81755826025161 1.81755826025161 1.81755826025161 1.81755826025161 1.81755826025161 1.81755826025161 1.81755826025161 1.81755826025161 1.81755826025161 1.81755826023584 1.81755824813097 1.81755595510088 1.81744975264561 1.81629386622593 1.81389716387066 1.81470483569491 1.81608733911995 1.81520733672472 1.79639932079057 1.68947230533006 1.31163495017932 1.0208285293956 1.48022195572564 1.79814579798284 1.885757690964 1.8891405282309 1.8359073208755 1.81872255577559 1.817576548638 1.8175583313628 1.81755826032006 1.81755826025163 1.81755826025161 1.81755826025161 1.81755826025161 1.81755826025161 1.81755826025161 1.81755826025161
1.81755826025161 1.81755826025161 1.81755826025161 1.81755826025161 1.81755826025161 1.81755826025161 1.81755826025161 1.81755826025161 1.81755826025161 1.81755826025161 1.81755826025161 1.81755826025161 1.81755826025161 1.81755826025161 1.81755826025161 1.81755826025161 1.81755826025139 1.81755825956964 1.81755773621693 1.81745859726498 1.81286691433968 1.76288439740251 1.6587646103856 1.68617789109787 1.72366812371768 1.74514788768472 1.79939715833228 1.7870967893365 1.61513627034393 1.46692481151995 1.66690734962418 1.80245017603516 1.82102677845734 1.82159008826534 1.81859372069505 1.81762403511825 1.81755929437334 1.81755826427574 1.81755826025553 1.81755826025164 1.81755826025162 1.81755826025161 1.81755826025161 1.81755826025161 1.81755826025161 1.81755826025161
1.81755826025161 1.81755826025161 1.81755826025161 1.81755826025161 1.81755826025161 1.81755826025161 1.81755826025161 1.81755826025161 1.81755826025161 1.81755826025161 1.81755826025161 1.81755826025161 1.81755826025161 1.81755826025161 1.81755826025161 1.81755826025161 1.8175582602506 1.81755825710236 1.81755584035206 1.81709803396756 1.7958942088521 1.56502057329877 1.08022445537213 1.14713397192056 1.1404610305485 1.26835981919648 1.70552486543758 1.81218143416269 1.7991155662559 1.78514122302836 1.80356990829687 1.81606984343646 1.81754236303915 1.81758247549537 1.81756454130168 1.81755865928374 1.81755826658052 1.817558260781 1.81755826139837 1.81755826089614 1.81755826034128 1.8175582602547 1.81755826025164 1.81755826025161 1.81755826025161 1.81755826025161
1.81755826025161 1.81755826025161 1.81755826025161 1.81755826025161 1.81755826025161 1.81755826025161 1.81755826025161 1.81755826025161 1.81755826025161 1.81755826025161 1.81755826025161 1.81755826025161 1.81755826025161 1.81755826025161 1.81755826025161 1.81755826025161 1.81755826025111 1.81755825869848 1.81755706681858 1.81733128814018 1.80687389133449 1.69295944590422 1.45057296650397 1.43789942383635 1.34346878581594 1.57932732941221 1.90275576550164 1.82215481423128 1.6366751626 1.50131075672476 1.681431914478 1.80304812945996 1.81717530050126 1.81755577466926 1.81755826058875 1.81755826527675 1.81755843654684 1.81755987775091 1.81756193342105 1.81756032478271 1.81755854745232 1.81755827014018 1.81755826033588 1.81755826025179 1.81755826025161 1.81755826025161
1.81755826025161 1.81755826025161 1.81755826025161 1.81755826025161 1.81755826025161 1.81755826025161 1.81755826025161 1.81755826025161 1.81755826025161 1.81755826025161 1.81755826025161 1.81755826025161 1.81755826025161 1.81755826025161 1.81755826025161 1.81755826025161 1.81755826025159 1.81755826016982 1.81755819739909 1.81754630668167 1.81699555400521 1.81099527685933 1.79839826825253 1.80792476675519 1.90303392702061 2.06183695062791 1.89889677057051 1.70707037228248 1.30560825263338 0.960227104176851 1.45641795947111 1.77970376161671 1.81658247529659 1.81755922387189 1.81755972161333 1.81755992768471 1.81761856553057 1.81811160836243 1.81881485553736 1.81826453860022 1.81765651192647 1.81756164313973 1.81755828907991 1.81755826031242 1.81755826025165 1.81755826025161
1.81755826025161 1.81755826025161 1.81755826025161 1.81755826025161 1.81755826025161 1.81755826025161 1.81755826025161 1.81755826025161 1.81755826025161 1.81755826025161 1.81755826025161 1.81755826025161 1.81755826025161 1.81755826025161 1.81755826025161 1.81755826025161 1.81755826025161 1.81755826025115 1.81755825989816 1.81755819303504 1.81755510454553 1.81752531067049 1.81789594909202 1.82986867247464 1.89956809168206 1.93298983773679 2.0918419825906 2.48440716670138 1.48348168960959 1.13727824210913 1.6219659619695 1.80323046509352 1.82221550493263 1.82164959617837 1.81829859450415 1.8175937986188 1.81975295855338 1.83777367428786 1.86346600597954 1.84336103809854 1.82114773208236 1.81768184881012 1.81755931344872 1.817558262473 1.81755826025277 1.81755826025161
1.81755826025161 1.81755826025161 1.81755826025161 1.81755826025161 1.81755826025161 1.81755826025161 1.81755826025163 1.81755826025205 1.81755826025406 1.81755826025501 1.81755826025278 1.81755826025171 1.81755826025162 1.81755826025161 1.81755826025161 1.81755826025161 1.81755826025161 1.81755826025161 1.8175582602514 1.81755826021182 1.81755825937427 1.81755869796103 1.81760930743208 1.8189638641709 1.8297276533916 1.97844196509912 3.27044546407078 4.3078142694967 0.976849159584292 0.544160940037788 1.69051648624388 1.93279337033347 2.11721197342057 2.05715395453723 1.84581513743546 1.80746434963207 1.82444721578476 1.89636481246646 1.99665140244657 1.9182219234983 1.83156280060293 1.81804053689706 1.81756237179911 1.81755826892971 1.81755826025614 1.81755826025161
1.81755826025161 1.81755826025161 1.81755826025161 1.81755826025163 1.81755826025196 1.81755826025552 1.81755826048189 1.8175582654417 1.81755828938286 1.8175583007239 1.81755827416844 1.81755826143604 1.81755826027656 1.81755826025174 1.81755826025161 1.81755826025161 1.81755826025161 1.81755826025161 1.81755826025161 1.81755826025162 1.81755826026405 1.81755826589768 1.81755889785354 1.8175833196244 1.81902125395036 1.87123525309522 2.27988960831361 2.32225435852099 0.843459449336649 1.13203701978787 1.96236975612025 2.41851841989851 3.65440500526696 3.19968055373791 1.66584039781407 1.57099587158186 1.7860681499186 1.84960939110564 1.89453641403836 1.86300882175812 1.82459748576331 1.81784989090024 1.81756121373002 1.81755826315867 1.81755826023553 1.8175582602516
1.81755826025161 1.81755826025163 1.81755826025579 1.8175582605343 1.81755826499514 1.81755828305635 1.81755857130354 1.81756486302611 1.81759529496359 1.81760971247852 1.8175759526484 1.8175597660014 1.81755829196938 1.81755826041698 1.81755826025183 1.81755826025161 1.81755826025161 1.81755826025162 1.81755826025166 1.81755826025177 1.81755826025176 1.81755826025939 1.81755826216493 1.81755913695532 1.8177225991386 1.82494817920651 1.88136369582879 1.76800980222264 1.25346859559916 1.45168117126048 1.59315360547107 1.38577796707805 2.62106349808665 2.56568291507731 1.04227853028667 1.25069790467771 1.72966641264774 1.84555391862231 2.01569251967204 2.07519567713379 1.88637953223911 1.81971397744082 1.81745479197587 1.81755634365343 1.81755825476446 1.81755826024828
1.81755826025163 1.81755826027433 1.81755826646348 1.81755868064946 1.81756530316964 1.81758788463426 1.81762770157547 1.81846138695764 1.82258552216611 1.82454202491021 1.81995969988932 1.81776263997592 1.81756256539432 1.81755828269667 1.81755826028028 1.81755826024897 1.81755826024698 1.81755826031836 1.81755826123369 1.81755826366676 1.81755826318974 1.81755826087741 1.81755826089703 1.81755880025525 1.81767731022158 1.82413186462603 1.90812405770886 2.12204642295054 2.04676641338077 1.79578568885276 1.33393932286682 0.836705758433931 2.69912526463238 3.68681471060538 2.11731348059745 1.50725997982434 1.50050330127169 1.98318661011619 3.16465770253838 2.96543371294045 1.70061443118951 1.72833257453293 1.81282688204895 1.81750981521405 1.81755815549835 1.81755826021065
