rraster.asc
NCOLS 54 
NROWS 40 
XLLCORNER 144.9336885 
YLLCORNER -37.8333848999996 
CELLSIZE 0.000999999999947931 
NODATA_value -9999 
[rows 20 to 39 of 40, columns 0 to 45 of 54]
1.59594848843295 1.59594848840801 1.5959484405975 1.59593450495343 1.59532540030563 1.59171680736067 1.59173830114947 1.60674083455963 1.71325608354852 1.77865686835047 1.63931939949408 1.59751779397316 1.59595714380019 1.59594849570959 1.59594848842958 1.59594848835073 1.59594848820673 1.59594849130019 1.59594859291356 1.5959490481545 1.59594894546617 1.59594854531726 1.59594848951201 1.5959484870539 1.59594673852267 1.59565193951567 1.5913998112567 1.62604582780012 1.70220458787827 1.6072214493053 1.26894757823343 1.03659445815409 2.6122835901066 2.88746539376363 1.79425549486897 1.26632834842732 1.03456110679917 1.37960445079654 1.22991698020573 2.61172931364274 2.67716300075986 1.7085950762839 1.59805030760499 1.59595852376793 1.59594849933564 1.59594848843502
1.59594848843287 1.59594848730368 1.59594632273988 1.59531540317919 1.56773891538846 1.40434726625973 1.39788856456516 1.58531128044733 1.80634776152635 1.92477219695618 1.67400456089949 1.59877281990714 1.59596406574702 1.59594850075104 1.59594840144536 1.59594682952594 1.59594368704634 1.59595152737338 1.59613028047074 1.59692308710618 1.59674428518151 1.59604753669302 1.59595036757809 1.59594849131709 1.59594656457696 1.59572733687686 1.59208614866518 1.58583498034614 1.59219855407113 1.59544582582459 1.60144363861737 1.47193205559718 0.969193111760238 1.23501917122766 1.54846691837445 1.53742478681092 1.50053194088143 1.57244651665126 1.68738206764123 2.30281526808602 2.71772836932944 1.95552900284575 1.61531294278648 1.5961111011604 1.59594869754445 1.59594848847398
1.59594848843276 1.59594848592296 1.59594367484531 1.59454135858915 1.53324835096565 1.1700836561691 1.15507155159498 1.52819432775062 1.61293035426769 1.62499468228978 1.60284486006075 1.59619795239774 1.59594885599438 1.59594559320368 1.59586161929754 1.59430536152487 1.59117259635733 1.59427335429027 1.61135864238905 1.67926272198196 1.66397845810319 1.60441554085238 1.59610909913985 1.59594887325238 1.59588875994711 1.58908430162547 1.47570426484259 1.27487215347349 1.46529446499725 1.59299344689155 1.73734508513174 2.1303362266452 1.5439331217201 1.20755617917235 1.52837145608439 1.59376868570824 1.59514464743092 1.59601201660769 1.62177539402084 1.99239903108235 2.5372856849871 1.93781671134111 1.61488700056212 1.59610842997815 1.59594869433325 1.59594848847336
1.59594848843293 1.5959484881591 1.59594796324749 1.59579496382884 1.58910760318819 1.54948458945233 1.54784384911882 1.5883648753934 1.59584677732886 1.59607381073677 1.59597742620936 1.59585811614284 1.59463396992404 1.59303514322968 1.5907987353332 1.51600713316955 1.36364296253648 1.49483487489861 1.65425504436315 1.94532430259109 1.88055664694017 1.63086170844875 1.59655631911991 1.595949235993 1.59585729998181 1.5854690686108 1.41237397820798 1.10576831768549 1.396966509894 1.63047922647997 2.23308214134131 2.95820106440679 2.27944580451622 1.9881748371928 1.67902301668567 1.5982352066014 1.59521969163328 1.59118322475072 1.59234108337128 1.61426967864402 1.64139158561168 1.61247274763034 1.5968640412277 1.59595622080123 1.59594849838726 1.59594848843491
1.59594848843296 1.59594848843149 1.59594848562057 1.59594766630307 1.59591185524156 1.59569967254832 1.59569088571748 1.59590783718551 1.59594752771092 1.59594841128847 1.59588640185843 1.59009353416362 1.5117945656996 1.41149735474028 1.5243801844174 1.40205174925432 1.04043579068281 1.34862957443033 1.59155782620604 1.64733024715167 1.56011424464004 1.53641786131263 1.58888249669098 1.59583039687344 1.59594135826491 1.59516321665419 1.58219210917435 1.55920090052564 1.58303455763953 1.79123980300092 4.22034213285051 6.91023372035413 3.22902847302407 1.57770314401011 1.40781202018283 1.55472726321548 1.56428197872736 1.39263766525441 1.39054295611472 1.5643607801494 1.59531380107726 1.59598504095132 1.59595065944244 1.5959485067805 1.59594848845658 1.59594848843296
1.59594848843296 1.59594848843296 1.59594848843222 1.5959484882169 1.5959484788057 1.59594842304376 1.59594842073456 1.59594847774932 1.59594848809842 1.5959481730268 1.59575337753074 1.57755081742138 1.33151697717842 1.01660026086476 1.40122443868041 1.55727875126553 1.45071725488349 1.41594206630407 1.54690472653991 1.47875707358842 1.05407617327543 1.2089128120006 1.55379400277497 1.5952479479317 1.59594668676078 1.59594547384341 1.59584301592196 1.59217008290024 1.55944850239447 1.57495256070297 1.97796686746189 1.94353525716126 1.28508426637242 1.14499350167402 1.17122028295793 1.62409264263801 1.54958785587989 1.17167337207238 1.16685770967501 1.52986820071977 1.59439732064002 1.59594294263236 1.59594848565867 1.59594848843484 1.59594848843296 1.59594848843296
1.59594848843296 1.59594848843296 1.59594848843296 1.59594848843295 1.59594848843283 1.59594848843211 1.59594848843208 1.59594848843282 1.59594848842097 1.59594843979476 1.59591840066882 1.59311140930478 1.55517085254073 1.50660873467593 1.56580075243052 1.56949752254989 1.28879949773635 1.01746966647571 1.42860258247827 1.55295045973683 1.42709061456828 1.47421447812222 1.58255363463823 1.59572360039866 1.59594791194734 1.59594735841979 1.59545658046819 1.5632876395392 1.26524596009796 1.07127208558741 1.23363230878758 0.877299904787718 1.19666238709125 1.56078700441973 1.89138053511091 1.9161732341674 1.63424197581939 1.55332475676991 1.5519618759322 1.58917411227163 1.59578946551438 1.59594791942406 1.59594848812261 1.59594848843293 1.59594848843296 1.59594848843296
1.59594848843296 1.59594848843296 1.59594848843296 1.59594848843296 1.59594848843296 1.59594848843296 1.59594848843296 1.59594848843296 1.59594848843279 1.5959484877253 1.59594802126202 1.59590127549819 1.59521808494223 1.59421875611885 1.59526423075602 1.59125837616234 1.53837308404602 1.48740862046956 1.56473968418695 1.59398816808803 1.59310593465276 1.59388704883544 1.59571950730053 1.59594455037331 1.59594847529294 1.59594799173765 1.5957321429161 1.5815836747131 1.45048674004936 1.36443318258002 1.44167867482265 1.37413200147715 1.52055001418005 1.55754885662024 1.30936661264226 1.23354317623842 1.52673182990058 1.59373161714423 1.59571845554226 1.59591440426244 1.59594768847102 1.59594848557057 1.5959484884314 1.59594848843296 1.59594848843296 1.59594848843296
1.59594848843296 1.59594848843296 1.59594848843296 1.59594848843296 1.59594848843296 1.59594848843296 1.59594848843296 1.59594848843296 1.59594848842509 1.59594845204243 1.59592282541013 1.59318983999757 1.55074687318666 1.48305195602654 1.55296698247777 1.59341136200598 1.59539622003766 1.59494892253706 1.5956612462601 1.59593509167712 1.59592131637049 1.59563182098029 1.59533352363261 1.5957655040918 1.59594018656693 1.59594842030123 1.59594381957576 1.59563849113142 1.59280901364707 1.59091900842066 1.59217187922583 1.59029930437065 1.59351989116915 1.56388153969884 1.3404701150525 1.28484560065417 1.53820587587785 1.59431486723981 1.59594138962362 1.59594847539195 1.59594848823505 1.59594848843225 1.59594848843296 1.59594848843296 1.59594848843296 1.59594848843296
1.59594848843296 1.59594848843296 1.59594848843296 1.59594848843296 1.59594848843296 1.59594848843296 1.59594848843296 1.59594848843295 1.5959484883916 1.59594829710824 1.59581356394983 1.5814447658054 1.3582988067782 1.0023893212397 1.36997378459465 1.58283478662108 1.59583224874768 1.59594788042368 1.59594828578216 1.59590831575546 1.5925727997065 1.55270460299176 1.51150696308983 1.57081478647763 1.59480817069365 1.5959406022844 1.59594847517665 1.59594816022468 1.59594516406799 1.59594311954926 1.59594387825384 1.59594114785694 1.59592299053732 1.5947349882589 1.58625738175951 1.58415025687594 1.59375906719719 1.59588655707219 1.59594822140182 1.59594848825735 1.59594848843294 1.59594848843296 1.59594848843296 1.59594848843296 1.59594848843296 1.59594848843296
1.59594848843296 1.59594848843296 1.59594848843296 1.59594848843296 1.59594848843296 1.59594848843296 1.59594848843296 1.59594848843296 1.59594848842229 1.59594843908331 1.59591368646973 1.5922074474457 1.53464993615705 1.44284785145459 1.53766134037027 1.59256598969239 1.59591856774419 1.59594844794364 1.59594799746483 1.59567780124665 1.57319955695378 1.30452581616781 1.0268928922517 1.4265712336543 1.58826383105131 1.59589534336609 1.59594843240917 1.59594848840691 1.59594848826027 1.59594848815133 1.59594848815463 1.59594848784753 1.59594844523205 1.59594623260267 1.59593047158531 1.59592655424198 1.59594441806694 1.59594837329611 1.59594848793652 1.59594848843263 1.59594848843296 1.59594848843296 1.59594848843296 1.59594848843296 1.59594848843296 1.59594848843296
1.59594848843296 1.59594848843296 1.59594848843296 1.59594848843296 1.59594848843296 1.59594848843296 1.59594848843296 1.59594848843296 1.59594848843282 1.59594848780854 1.59594804808894 1.59590115360278 1.5951728870503 1.59401132904961 1.59521098989587 1.59590569018402 1.59594810985104 1.59594848787762 1.59594832612608 1.59585900123613 1.58842785867041 1.49960629211824 1.40782288538653 1.53995361128666 1.59340799711044 1.59593091906395 1.59594846991199 1.59594848842998 1.59594848843296 1.59594848843296 1.59594848843296 1.59594848843294 1.59594848842903 1.59594848822725 1.59594848678999 1.59594848643277 1.59594848806178 1.59594848842246 1.59594848843291 1.59594848843296 1.59594848843296 1.59594848843296 1.59594848843296 1.59594848843296 1.59594848843296 1.59594848843296
1.59594848843296 1.59594848843296 1.59594848843296 1.59594848843296 1.59594848843296 1.59594848843296 1.59594848843296 1.59594848843296 1.59594848843296 1.59594848843257 1.59594848815968 1.59594845905705 1.59594800709614 1.59594728623534 1.5959480307427 1.59594846187244 1.59594848819801 1.59594848843191 1.59594848580105 1.59594703733923 1.59582653647751 1.5943862363871 1.59289790811115 1.59504049469059 1.59590729269612 1.59594820353409 1.59594848813263 1.59594848843291 1.59594848843296 1.59594848843296 1.59594848843296 1.59594848843296 1.59594848843296 1.59594848843296 1.59594848843295 1.59594848843295 1.59594848843295 1.59594848843296 1.59594848843296 1.59594848843296 1.59594848843296 1.59594848843296 1.59594848843296 1.59594848843296 1.59594848843296 1.59594848843296
1.59594848843296 1.59594848843296 1.59594848843296 1.59594848843296 1.59594848843296 1.59594848843296 1.59594848843296 1.59594848843296 1.59594848843296 1.59594848843296 1.59594848843295 1.59594848843206 1.59594848841831 1.59594848839637 1.59594848841903 1.59594848843215 1.59594848843295 1.59594848843296 1.59594848843086 1.59594848727892 1.59594839144642 1.59594724599765 1.59594606235279 1.59594776631933 1.59594845567061 1.59594848820638 1.59594848843272 1.59594848843296 1.59594848843296 1.59594848843296 1.59594848843296 1.59594848843296 1.59594848843296 1.59594848843296 1.59594848843296 1.59594848843296 1.59594848843296 1.59594848843296 1.59594848843296 1.59594848843296 1.59594848843296 1.59594848843296 1.59594848843296 1.59594848843296 1.59594848843296 1.59594848843296
1.59594848843296 1.59594848843296 1.59594848843296 1.59594848843296 1.59594848843296 1.59594848843296 1.59594848843296 1.59594848843296 1.59594848843296 1.59594848843296 1.59594848843296 1.59594848843296 1.59594848843296 1.59594848843296 1.59594848843296 1.59594848843296 1.59594848843296 1.59594848843296 1.59594848843296 1.59594848843291 1.59594848842917 1.5959484883845 1.59594848833834 1.59594848840479 1.59594848843168 1.59594848843295 1.59594848843296 1.59594848843296 1.59594848843296 1.59594848843296 1.59594848843296 1.59594848843296 1.59594848843296 1.59594848843296 1.59594848843296 1.59594848843296 1.59594848843296 1.59594848843296 1.59594848843296 1.59594848843296 1.59594848843296 1.59594848843296 1.59594848843296 1.59594848843296 1.59594848843296 1.59594848843296
1.59594848843296 1.59594848843296 1.59594848843296 1.59594848843296 1.59594848843296 1.59594848843296 1.59594848843296 1.59594848843296 1.59594848843296 1.59594848843296 1.59594848843296 1.59594848843296 1.59594848843296 1.59594848843296 1.59594848843296 1.59594848843296 1.59594848843296 1.59594848843296 1.59594848843296 1.59594848843296 1.59594848843296 1.59594848843296 1.59594848843296 1.59594848843296 1.59594848843296 1.59594848843296 1.59594848843296 1.59594848843296 1.59594848843296 1.59594848843296 1.59594848843296 1.59594848843296 1.59594848843296 1.59594848843296 1.59594848843296 1.59594848843296 1.59594848843296 1.59594848843296 1.59594848843296 1.59594848843296 1.59594848843296 1.59594848843296 1.59594848843296 1.59594848843296 1.59594848843296 1.59594848843296
1.59594848843296 1.59594848843296 1.59594848843296 1.59594848843296 1.59594848843296 1.59594848843296 1.59594848843296 1.59594848843296 1.59594848843296 1.59594848843296 1.59594848843296 1.59594848843296 1.59594848843296 1.59594848843296 1.59594848843296 1.59594848843296 1.59594848843296 1.59594848843296 1.59594848843296 1.59594848843296 1.59594848843296 1.59594848843296 1.59594848843296 1.59594848843296 1.59594848843296 1.59594848843296 1.59594848843296 1.59594848843296 1.59594848843296 1.59594848843296 1.59594848843296 1.59594848843296 1.59594848843296 1.59594848843296 1.59594848843296 1.59594848843296 1.59594848843296 1.59594848843296 1.59594848843296 1.59594848843296 1.59594848843296 1.59594848843296 1.59594848843296 1.59594848843296 1.59594848843296 1.59594848843296
1.59594848843296 1.59594848843296 1.59594848843296 1.59594848843296 1.59594848843296 1.59594848843296 1.59594848843296 1.59594848843296 1.59594848843296 1.59594848843296 1.59594848843296 1.59594848843296 1.59594848843296 1.59594848843296 1.59594848843296 1.59594848843296 1.59594848843296 1.59594848843296 1.59594848843296 1.59594848843296 1.59594848843296 1.59594848843296 1.59594848843296 1.59594848843296 1.59594848843296 1.59594848843296 1.59594848843296 1.59594848843296 1.59594848843296 1.59594848843296 1.59594848843296 1.59594848843296 1.59594848843296 1.59594848843296 1.59594848843296 1.59594848843296 1.59594848843296 1.59594848843296 1.59594848843296 1.59594848843296 1.59594848843296 1.59594848843296 1.59594848843296 1.59594848843296 1.59594848843296 1.59594848843296
1.59594848843296 1.59594848843296 1.59594848843296 1.59594848843296 1.59594848843296 1.59594848843296 1.59594848843296 1.59594848843296 1.59594848843296 1.59594848843296 1.59594848843296 1.59594848843296 1.59594848843296 1.59594848843296 1.59594848843296 1.59594848843296 1.59594848843296 1.59594848843296 1.59594848843296 1.59594848843296 1.59594848843296 1.59594848843296 1.59594848843296 1.59594848843296 1.59594848843296 1.59594848843296 1.59594848843296 1.59594848843296 1.59594848843296 1.59594848843296 1.59594848843296 1.59594848843296 1.59594848843296 1.59594848843296 1.59594848843296 1.59594848843296 1.59594848843296 1.59594848843296 1.59594848843296 1.59594848843296 1.59594848843296 1.59594848843296 1.59594848843296 1.59594848843296 1.59594848843296 1.59594848843296
1.59594848843296 1.59594848843296 1.59594848843296 1.59594848843296 1.59594848843296 1.59594848843296 1.59594848843296 1.59594848843296 1.59594848843296 1.59594848843296 1.59594848843296 1.59594848843296 1.59594848843296 1.59594848843296 1.59594848843296 1.59594848843296 1.59594848843296 1.59594848843296 1.59594848843296 1.59594848843296 1.59594848843296 1.59594848843296 1.59594848843296 1.59594848843296 1.59594848843296 1.59594848843296 1.59594848843296 1.59594848843296 1.59594848843296 1.59594848843296 1.59594848843296 1.59594848843296 1.59594848843296 1.59594848843296 1.59594848843296 1.59594848843296 1.59594848843296 1.59594848843296 1.59594848843296 1.59594848843296 1.59594848843296 1.59594848843296 1.59594848843296 1.59594848843296 1.59594848843296 1.59594848843296
